           0.0000000
          12.8875589
       24061.9394531
      180632.1875000
      180809.9375000
      180816.7031250
      184005.4687500
      184005.4687500
      184005.4687500
      184010.2343750
      184046.7500000
      185863.9375000
      185910.5156250
      187997.0781250
      284078.5937500
      285712.8750000
      285712.8750000
      290997.1875000
      334429.6875000
      334429.6875000
      334431.6562500
      347688.4375000
      368347.3125000
      393508.4687500
      431552.0312500
      431573.8750000
      431578.6250000
      431593.2500000
      431618.7500000
      432518.3125000
      432633.9375000
      596373.5625000
      596379.6250000
      596391.4375000
      604185.6250000
      627053.5000000
      627580.2500000
      627650.3750000
      636155.0000000
      636239.1875000
      636329.7500000
      636418.1250000
      674788.3750000
      681102.3125000
      681155.8750000
      681209.8750000
      681567.8750000
      681931.8125000
      682079.5000000
      689646.1250000
      689682.2500000
      695686.1875000
      696148.7500000
      700105.9375000
      818352.7500000
      818353.1250000
      818353.1250000
      823818.1250000
      823818.1250000
      823819.4375000
      823990.8750000
      824226.2500000
      824234.5625000
      824234.5625000
      824234.5625000
      838000.2500000
      838000.6250000
      838000.6250000
      838023.5625000
      838110.2500000
      838182.5000000
      838228.8125000
      838256.0000000
      843748.4375000
      843820.0625000
      843924.6250000
      844103.9375000
      844218.5625000
      844321.6250000
      852344.5625000
      963702.5000000
      966631.5000000
      966634.7500000
     1060475.5000000
     1061610.6250000
     1061753.2500000
     1061753.3750000
     1061806.3750000
     1061817.2500000
     1061861.6250000
     1062603.5000000
     1067195.0000000
     1067199.3750000
     1376135.0000000
     1428781.7500000
     1428808.0000000
     1428910.1250000
     1428929.2500000
     1706068.0000000
     1828124.8750000
     1989851.7500000
     1989861.2500000
     1989953.0000000
     1989994.8750000
     1991278.3750000
     1995030.0000000
     1995084.5000000
     2012955.7500000
     2013319.1250000
     2013364.7500000
     2013403.0000000
     2013487.1250000
     2241392.0000000
     2276375.0000000
     2285575.5000000
     2285651.0000000
     2356707.2500000
     2428718.0000000
     2429682.2500000
     2429684.7500000
     2429684.7500000
     2442480.0000000
     2442481.0000000
     2619673.0000000
     2619700.0000000
     2665210.7500000
     2913618.5000000
     2917742.0000000
     6011774.0000000
     6012734.5000000
     6012774.0000000
     6013188.0000000
     6025073.0000000
     6025135.0000000
     6461290.0000000
     7339020.5000000
     7944942.0000000
     7944975.0000000
     7949568.0000000
     8354270.0000000
     8354340.5000000
     8361717.0000000
     8367528.5000000
     8367703.0000000
     8367904.0000000
     8368155.5000000
     8476177.0000000
     8556132.0000000
     8556138.0000000
     8556160.0000000
     8645769.0000000
     8649263.0000000
     8649345.0000000
     8649885.0000000
     9673708.0000000
     9756619.0000000
     9991170.0000000
    10060560.0000000
    10083588.0000000
    10089568.0000000
    10118426.0000000
    10119413.0000000
    10316396.0000000
    10476883.0000000
    10603976.0000000
    12189658.0000000
    12196723.0000000
    12196974.0000000
    12197007.0000000
    12197214.0000000
    12197246.0000000
    12207756.0000000
    12404553.0000000
    12404721.0000000
    12404726.0000000
    12415620.0000000
    12416393.0000000
    12896164.0000000
    13625474.0000000
    13666055.0000000
    13740101.0000000
    14050532.0000000
    14227584.0000000
    14235267.0000000
    14239139.0000000
    16666230.0000000
    16666465.0000000
    16749876.0000000
    16753913.0000000
    16753961.0000000
    16754161.0000000
    16757782.0000000
    16757850.0000000
    16757914.0000000
    16758081.0000000
    18029288.0000000
    18379018.0000000
    18496618.0000000
    18497642.0000000
    18497664.0000000
    18498168.0000000
    18506592.0000000
    18507152.0000000
    18509542.0000000
    19127384.0000000
    21502728.0000000
    27612164.0000000
    27650416.0000000
    28516960.0000000
    29094626.0000000
    29255194.0000000
    29258934.0000000
    29259712.0000000
    29271636.0000000
    29271648.0000000
    29271652.0000000
    29278340.0000000
    29283672.0000000
    29293268.0000000
    29293374.0000000
    29636996.0000000
    29872144.0000000
    29872858.0000000
    29883038.0000000
    29883592.0000000
    29883752.0000000
    29884052.0000000
    29888904.0000000
    29897724.0000000
    29923260.0000000
    30035992.0000000
    30042520.0000000
    30046964.0000000
    30320630.0000000
    30431324.0000000
    30879690.0000000
    30879900.0000000
    30879918.0000000
    30879932.0000000
    30880004.0000000
    30880036.0000000
    30880040.0000000
    37235776.0000000
    40286596.0000000
    48383808.0000000
    48384088.0000000
    48384128.0000000
    48385128.0000000
    49941920.0000000
    50165144.0000000
    50165848.0000000
    50167780.0000000
    50167936.0000000
    50168072.0000000
    50168120.0000000
    50168160.0000000
    50176008.0000000
    50486572.0000000
    50493520.0000000
    50493864.0000000
    50494120.0000000
    50494176.0000000
    50494360.0000000
    51989664.0000000
    51989664.0000000
    51989744.0000000
    51989848.0000000
    51990960.0000000
    52029584.0000000
    52029720.0000000
    52029752.0000000
    52037180.0000000
    52071872.0000000
    52071880.0000000
    52071940.0000000
    52072016.0000000
    52072100.0000000
    52072184.0000000
    52072304.0000000
    52199044.0000000
    52274860.0000000
    52281872.0000000
    52448840.0000000
    52465604.0000000
    52465712.0000000
    52465720.0000000
    52465720.0000000
    52465720.0000000
    52465740.0000000
    52465744.0000000
    52507680.0000000
    52651688.0000000
    52651728.0000000
    52651792.0000000
    52651792.0000000
    52675472.0000000
    52675616.0000000
    52675616.0000000
    52675620.0000000
    52675624.0000000
    52724796.0000000
    53476896.0000000
    53477396.0000000
    53477752.0000000
    53477976.0000000
    53478120.0000000
    53478248.0000000
    53478248.0000000
    53478248.0000000
    53478304.0000000
    53479360.0000000
    53852320.0000000
    54906216.0000000
    54907712.0000000
    54907784.0000000
    54908068.0000000
    55652192.0000000
    55739184.0000000
    55739424.0000000
    55741352.0000000
    56180580.0000000
    56194584.0000000
    56194716.0000000
    56194728.0000000
    56196900.0000000
    56484164.0000000
    62105264.0000000
    62149052.0000000
    62149180.0000000
    62149480.0000000
    62149960.0000000
    62150760.0000000
    62151184.0000000
    62151652.0000000
    62152264.0000000
    62164756.0000000
    62171764.0000000
    62181428.0000000
    62249280.0000000
    62249380.0000000
    62249740.0000000
    62253400.0000000
    62253408.0000000
    62253416.0000000
    62253420.0000000
    62253616.0000000
    62256984.0000000
    62282832.0000000
    62283476.0000000
    62283688.0000000
    62283728.0000000
    62283748.0000000
    62283960.0000000
    62284036.0000000
    62284048.0000000
    62284376.0000000
    62291740.0000000
    63092584.0000000
    63092752.0000000
    63664140.0000000
    63870512.0000000
    63870512.0000000
    63870668.0000000
    63871212.0000000
    63872988.0000000
    63873020.0000000
    63945112.0000000
    63963880.0000000
    63964076.0000000
    63964488.0000000
    63996344.0000000
    64956712.0000000
    64958060.0000000
    65267312.0000000
    65267416.0000000
    65269348.0000000
    65269348.0000000
    65269724.0000000
    65270184.0000000
    65270544.0000000
    65270992.0000000
    65286152.0000000
    65286336.0000000
    65383616.0000000
    65440888.0000000
    65440888.0000000
    65488632.0000000
    66363944.0000000
    66364928.0000000
    66364928.0000000
    66364944.0000000
    66364944.0000000
    66364968.0000000
    66534184.0000000
    66579368.0000000
    66579368.0000000
    66579368.0000000
    66938976.0000000
    67019336.0000000
    67019396.0000000
    67019396.0000000
    67019408.0000000
    67019436.0000000
    67019468.0000000
    67019496.0000000
    67019520.0000000
    67019532.0000000
    67019544.0000000
    67019616.0000000
    67021360.0000000
    67532896.0000000
    67532920.0000000
    67532920.0000000
    67532920.0000000
    67532928.0000000
    67532928.0000000
    67533240.0000000
    67535760.0000000
    67544128.0000000
    67544128.0000000
    67544128.0000000
    67698928.0000000
    67914704.0000000
    67914720.0000000
    67914744.0000000
    67914800.0000000
    68341392.0000000
    68341400.0000000
    68341864.0000000
    68341872.0000000
    68341888.0000000
    68341904.0000000
    68342128.0000000
    68342144.0000000
    68342368.0000000
    68342464.0000000
    68342480.0000000
    68342560.0000000
    68342656.0000000
    68347584.0000000
    68712120.0000000
    68764128.0000000
    68764128.0000000
    68764128.0000000
    68764320.0000000
    68764320.0000000
    68764768.0000000
    68765136.0000000
    68765280.0000000
    68765344.0000000
    68765424.0000000
    68765528.0000000
    68782496.0000000
    68802072.0000000
    68802152.0000000
    68802256.0000000
    68802392.0000000
    68811872.0000000
    68812144.0000000
    68881576.0000000
    68881576.0000000
    68881608.0000000
    68892880.0000000
    68893016.0000000
    68893184.0000000
    68893376.0000000
    68936064.0000000
    68982032.0000000
    68982152.0000000
    68984376.0000000
    73169120.0000000
    73376824.0000000
    73376824.0000000
    73376824.0000000
    73376864.0000000
    73376888.0000000
    73377128.0000000
    73377160.0000000
    73377176.0000000
    73377184.0000000
    73377200.0000000
    73377232.0000000
    73379704.0000000
    73380544.0000000
    73380688.0000000
    73380824.0000000
    73380944.0000000
    73381184.0000000
    73395024.0000000
    73413256.0000000
    73413520.0000000
    73553600.0000000
    73553664.0000000
    73596784.0000000
    73688848.0000000
    73704536.0000000
    73705120.0000000
    73725400.0000000
    73965504.0000000
    73966808.0000000
    73966824.0000000
    73966832.0000000
    74106768.0000000
    74262840.0000000
    74262840.0000000
    74262840.0000000
    74262848.0000000
    74262864.0000000
    74262864.0000000
    74262864.0000000
    74262880.0000000
    74262880.0000000
    74262880.0000000
    74262912.0000000
    74262992.0000000
    74263064.0000000
    74263136.0000000
    74263200.0000000
    74263352.0000000
    74878976.0000000
    74995968.0000000
    74998144.0000000
    75036392.0000000
    75036416.0000000
    75036416.0000000
    75037376.0000000
    75040768.0000000
    75040768.0000000
    75056512.0000000
    75056544.0000000
    75058872.0000000
    75058928.0000000
    75062160.0000000
    75066896.0000000
    75067192.0000000
    75067216.0000000
    75345912.0000000
    75346016.0000000
    75346016.0000000
    75346016.0000000
    75346016.0000000
    75431904.0000000
    75459992.0000000
    75460000.0000000
    75460008.0000000
    76148536.0000000
    76499744.0000000
    77249888.0000000
    77249904.0000000
    77249960.0000000
    77249984.0000000
    77252736.0000000
    77264096.0000000
    77266416.0000000
    77268880.0000000
    77273936.0000000
    77351264.0000000
    77648096.0000000
    77806240.0000000
    77831552.0000000
    77831560.0000000
    77831848.0000000
    77836152.0000000
    77988112.0000000
    78273376.0000000
    78273456.0000000
    78398184.0000000
    78398432.0000000
    78398432.0000000
    78399312.0000000
    78399384.0000000
    78399408.0000000
    78399472.0000000
    78402352.0000000
    78448072.0000000
    78453392.0000000
    78654648.0000000
    78654688.0000000
    78654688.0000000
    78654696.0000000
    78654704.0000000
    78654704.0000000
    78655360.0000000
    78788080.0000000
    78788168.0000000
    78788176.0000000
    78918376.0000000
    79148288.0000000
    79160064.0000000
    79188448.0000000
    79190272.0000000
    79190880.0000000
    79190968.0000000
    79191160.0000000
    79248320.0000000
    79248664.0000000
    79248808.0000000
    79248960.0000000
    79249440.0000000
    80235552.0000000
    80236208.0000000
    80236440.0000000
    80236544.0000000
    80298448.0000000
    80469160.0000000
    80469720.0000000
    80469832.0000000
    80469888.0000000
    80469984.0000000
    80470704.0000000
    80470784.0000000
    80470864.0000000
    80471072.0000000
    80471160.0000000
    80471232.0000000
    80471312.0000000
    80471392.0000000
    80492728.0000000
    80493496.0000000
    80493576.0000000
    80495520.0000000
    80502624.0000000
    80505112.0000000
    80805528.0000000
    80805528.0000000
    80805528.0000000
    80806208.0000000
    80807104.0000000
    80860416.0000000
    80913808.0000000
    80916160.0000000
    80916376.0000000
    80916376.0000000
    80916384.0000000
    80916512.0000000
    80932624.0000000
    80932656.0000000
    80932672.0000000
    80932712.0000000
    80932784.0000000
    80939240.0000000
    80943728.0000000
    80946896.0000000
    80955360.0000000
    81041328.0000000
    81048504.0000000
    81048528.0000000
    81048624.0000000
    81052832.0000000
    81053008.0000000
    81053080.0000000
    81053184.0000000
    81053304.0000000
    81053392.0000000
    81053600.0000000
    81054104.0000000
    81067032.0000000
    81116992.0000000
    81139280.0000000
    81139344.0000000
    81139416.0000000
    81142288.0000000
    81215488.0000000
    81425264.0000000
    81900624.0000000
    82210120.0000000
    82210240.0000000
    82298552.0000000
    82298688.0000000
    82298952.0000000
    82298976.0000000
    82496256.0000000
    82496256.0000000
    82496448.0000000
    82496592.0000000
    82513568.0000000
    82513568.0000000
    82513568.0000000
    82513568.0000000
    82514592.0000000
    82514592.0000000
    82514648.0000000
    82514648.0000000
    82542992.0000000
    82543104.0000000
    82543128.0000000
    82543152.0000000
    82543232.0000000
    83055856.0000000
    83055944.0000000
    83056016.0000000
    83056112.0000000
    83056120.0000000
    83056120.0000000
    83056256.0000000
    83058816.0000000
    83059056.0000000
    83059088.0000000
    83071024.0000000
    83071408.0000000
    83243928.0000000
    83243968.0000000
    83252672.0000000
    83258608.0000000
    83258608.0000000
    83258624.0000000
    83258856.0000000
    83259152.0000000
    83259376.0000000
    83259504.0000000
    83259528.0000000
    83259632.0000000
    83259648.0000000
    83259672.0000000
    83259680.0000000
    83260096.0000000
    83260104.0000000
    83260112.0000000
    91764440.0000000
    91772752.0000000
    91890984.0000000
    91890992.0000000
    91891208.0000000
    91893800.0000000
    91895024.0000000
    91910816.0000000
    91929704.0000000
    91929720.0000000
    91931632.0000000
    92179520.0000000
    92205288.0000000
    92205360.0000000
    92205360.0000000
    92205360.0000000
    92205360.0000000
    92205440.0000000
    92206000.0000000
    92206632.0000000
    92210144.0000000
    92220120.0000000
    92220536.0000000
    92257160.0000000
    92276584.0000000
    92297568.0000000
    92297592.0000000
    92297592.0000000
    92297592.0000000
    92388704.0000000
    92389040.0000000
    92534472.0000000
    92601864.0000000
    92602384.0000000
    92618528.0000000
    92680864.0000000
    92680872.0000000
    92680872.0000000
    92685792.0000000
    92689848.0000000
    92689848.0000000
    92689888.0000000
    92707104.0000000
    92707184.0000000
    93017640.0000000
    93018600.0000000
    93038944.0000000
    93039368.0000000
    93039944.0000000
    93040136.0000000
    93040152.0000000
    93040168.0000000
    93040656.0000000
    93040656.0000000
    93040656.0000000
    93040976.0000000
    93788896.0000000
    93941232.0000000
    93941664.0000000
    93941744.0000000
    93942528.0000000
    97474208.0000000
    97475008.0000000
    97475056.0000000
    97475064.0000000
    97900264.0000000
    98026032.0000000
    98026112.0000000
    98048720.0000000
    98273888.0000000
    98274944.0000000
    98274992.0000000
    98275088.0000000
    98279712.0000000
    98279808.0000000
    98279936.0000000
    98282904.0000000
    99271744.0000000
    99271792.0000000
    99466976.0000000
    99707392.0000000
    99707392.0000000
    99707416.0000000
    99707488.0000000
    99710232.0000000
    99710256.0000000
    99710304.0000000
    99710376.0000000
   100430256.0000000
   100430256.0000000
   100430288.0000000
   100430752.0000000
   100512024.0000000
   100512024.0000000
   100512032.0000000
   100512992.0000000
   100512992.0000000
   100513008.0000000
   100513080.0000000
   100513224.0000000
   100513456.0000000
   100516240.0000000
   100545032.0000000
   100550296.0000000
   100698768.0000000
   100698824.0000000
   100699408.0000000
   100762952.0000000
   103822048.0000000
   104304688.0000000
   104305528.0000000
   104305688.0000000
   104311392.0000000
   104311656.0000000
   104311720.0000000
   104387568.0000000
   104392192.0000000
   104393536.0000000
   104393536.0000000
   104393536.0000000
   104393632.0000000
   104393848.0000000
   104393872.0000000
   104689456.0000000
   105450048.0000000
   106432560.0000000
   106486152.0000000
   106486816.0000000
   106486880.0000000
   106486928.0000000
   107084352.0000000
   107307936.0000000
   107330496.0000000
   107330592.0000000
   107330600.0000000
   107330600.0000000
   107330688.0000000
   107343840.0000000
   107374456.0000000
   107374880.0000000
   107374928.0000000
   107375856.0000000
   107505512.0000000
   107516168.0000000
   107576448.0000000
   107715848.0000000
   107715904.0000000
   107715904.0000000
   107716456.0000000
   107719904.0000000
   107734112.0000000
   107734152.0000000
   107802832.0000000
   107994896.0000000
   108196704.0000000
   108196704.0000000
   108196712.0000000
   108210832.0000000
   108210840.0000000
   108215104.0000000
   108215104.0000000
   108285984.0000000
   108289760.0000000
   108289768.0000000
   108289792.0000000
   108289936.0000000
   108293312.0000000
   108293472.0000000
   108293584.0000000
   108293736.0000000
   108293888.0000000
   108294040.0000000
   108295184.0000000
   108300304.0000000
   108300480.0000000
   108300680.0000000
   108301056.0000000
   108301280.0000000
   108301488.0000000
   108302176.0000000
   108311272.0000000
   108323840.0000000
   108323976.0000000
   108324160.0000000
   108330200.0000000
   108333680.0000000
   108335808.0000000
   108366512.0000000
   108370176.0000000
   108370208.0000000
   108370256.0000000
   108370784.0000000
   108370832.0000000
   108372464.0000000
   108861864.0000000
   108912176.0000000
   108922344.0000000
   108922376.0000000
   108922472.0000000
   108943816.0000000
   109066752.0000000
   109227712.0000000
   109273048.0000000
   109338072.0000000
   109338400.0000000
   110310160.0000000
   110310256.0000000
   110310320.0000000
   110346536.0000000
   110449960.0000000
   110450272.0000000
   110479008.0000000
   110479136.0000000
   110489808.0000000
   110555296.0000000
   110563656.0000000
   110577008.0000000
   110625800.0000000
   111794016.0000000
   111795400.0000000
   111795456.0000000
   111813080.0000000
   112079328.0000000
   112102584.0000000
   112122760.0000000
   112157152.0000000
   112174192.0000000
   112178328.0000000
   112205648.0000000
   112208304.0000000
   112209440.0000000
   112249488.0000000
   112254944.0000000
   112264176.0000000
   112291992.0000000
   112337968.0000000
   112351232.0000000
   112351240.0000000
   112373080.0000000
   112381712.0000000
   112417104.0000000
   112643256.0000000
   112646144.0000000
   112653328.0000000
   112653424.0000000
   112653560.0000000
   112653696.0000000
   112653960.0000000
   112667144.0000000
   112669056.0000000
   112669360.0000000
   112781168.0000000
   112943648.0000000
   112999184.0000000
   113015384.0000000
   113185936.0000000
   113605752.0000000
   113605872.0000000
   113605872.0000000
   113605872.0000000
   113605872.0000000
   113605888.0000000
   117360048.0000000
   117522544.0000000
   117701824.0000000
   119685392.0000000
   119905872.0000000
   119911008.0000000
   119911792.0000000
   119912848.0000000
   119912848.0000000
   119912912.0000000
   119942960.0000000
   120023632.0000000
   120023680.0000000
   120023728.0000000
   120025088.0000000
   120025152.0000000
   120025808.0000000
   120025888.0000000
   120026000.0000000
   120407712.0000000
   120502048.0000000
   120502592.0000000
   120511368.0000000
   120511552.0000000
   120523144.0000000
   121026120.0000000
   121030800.0000000
   121030896.0000000
   121031008.0000000
   121031168.0000000
   121031312.0000000
   121031328.0000000
   121031392.0000000
   121031936.0000000
   121063664.0000000
   121130272.0000000
   121134456.0000000
   121137632.0000000
   121137752.0000000
   121137864.0000000
   121138072.0000000
   121138960.0000000
   121282480.0000000
   121283120.0000000
   121283152.0000000
   121283256.0000000
   121283256.0000000
   121283256.0000000
   121283992.0000000
   121346696.0000000
   121376144.0000000
   121454240.0000000
   121497736.0000000
   121497736.0000000
   121497736.0000000
   121497784.0000000
   121497880.0000000
   121497968.0000000
   121503560.0000000
   122033048.0000000
   122341800.0000000
   122343120.0000000
   122343160.0000000
   122345496.0000000
   122345648.0000000
   122345904.0000000
   122397056.0000000
   122397360.0000000
   123002968.0000000
   124029000.0000000
   124131232.0000000
   124194096.0000000
   124194128.0000000
   124194128.0000000
   124194128.0000000
   124194128.0000000
   124213728.0000000
   124213728.0000000
   124213744.0000000
   124214104.0000000
   124317880.0000000
   124317880.0000000
   124317952.0000000
   124318256.0000000
   124343640.0000000
   124444928.0000000
   124510904.0000000
   124523960.0000000
   124524048.0000000
   124524440.0000000
   124524928.0000000
   124524992.0000000
   124537904.0000000
   124537904.0000000
   124539936.0000000
   124558616.0000000
   125451744.0000000
   127002880.0000000
   127002880.0000000
   127002928.0000000
   127011608.0000000
   127064400.0000000
   127074984.0000000
   127077640.0000000
   127077728.0000000
   127081280.0000000
   127168200.0000000
   127168272.0000000
   127168272.0000000
   127168848.0000000
   127186992.0000000
   127187736.0000000
   127199296.0000000
   127220840.0000000
   127318896.0000000
   127319120.0000000
   127319200.0000000
   127319200.0000000
   127331120.0000000
   127331264.0000000
   127337088.0000000
   127337360.0000000
   127576016.0000000
   127583408.0000000
   127583776.0000000
   127583776.0000000
   127583840.0000000
   127617200.0000000
   127617224.0000000
   127806928.0000000
   127817192.0000000
   127817504.0000000
   127817504.0000000
   127817504.0000000
   127925760.0000000
   127942296.0000000
   127965272.0000000
   127974608.0000000
   127979928.0000000
   128001584.0000000
   128007688.0000000
   128007872.0000000
   128008848.0000000
   128014568.0000000
   128018976.0000000
   128117232.0000000
   128117232.0000000
   128117232.0000000
   128117232.0000000
   128119120.0000000
   128149160.0000000
   128154816.0000000
   128154840.0000000
   128154872.0000000
   128154960.0000000
   128155504.0000000
   128155696.0000000
   128155856.0000000
   128156128.0000000
   128156192.0000000
   128156200.0000000
   128156400.0000000
   128156424.0000000
   128156696.0000000
   128156752.0000000
   128295128.0000000
   128389928.0000000
   128389928.0000000
   128389928.0000000
   128407616.0000000
   128407616.0000000
   128407616.0000000
   128407616.0000000
   128407656.0000000
   128411992.0000000
   128728256.0000000
   129186608.0000000
   129253472.0000000
   129253472.0000000
   129253472.0000000
   129253472.0000000
   129254112.0000000
   129254576.0000000
   129254832.0000000
   129254864.0000000
   129254888.0000000
   129255072.0000000
   129255232.0000000
   129283904.0000000
   129316552.0000000
   129440720.0000000
   129524648.0000000
   129606656.0000000
   129607144.0000000
   129607184.0000000
   129649904.0000000
   129649904.0000000
   129649952.0000000
   129650104.0000000
   129650104.0000000
   129652496.0000000
   129665968.0000000
   130075112.0000000
   130411224.0000000
   131017136.0000000
   131017136.0000000
   131017152.0000000
   131017880.0000000
   131025056.0000000
   131025744.0000000
   131025760.0000000
   131026048.0000000
   131047952.0000000
   131048192.0000000
   131048232.0000000
   131062288.0000000
   131062328.0000000
   131224216.0000000
   131224232.0000000
   131248984.0000000
   131332896.0000000
   131413904.0000000
   131413904.0000000
   131413992.0000000
   131414072.0000000
   131414480.0000000
   131508696.0000000
   131511376.0000000
   131531680.0000000
   131531904.0000000
   131531920.0000000
   131531936.0000000
   131531936.0000000
   131531952.0000000
   131532032.0000000
   131532104.0000000
   131532192.0000000
   131533168.0000000
   131540152.0000000
   131544792.0000000
   131610496.0000000
   132053600.0000000
   132076376.0000000
   132267256.0000000
   132316336.0000000
   132316592.0000000
   132316592.0000000
   132324272.0000000
   132324272.0000000
   132324272.0000000
   132324576.0000000
   132456064.0000000
   132645904.0000000
   133993128.0000000
   134133296.0000000
   134133296.0000000
   134133328.0000000
   134133528.0000000
   134133560.0000000
   134133568.0000000
   134161792.0000000
   134179664.0000000
   134188432.0000000
   134196440.0000000
   134200560.0000000
   134202736.0000000
   134211472.0000000
   134212752.0000000
   134225728.0000000
   134226160.0000000
   134232304.0000000
   134240160.0000000
   134300944.0000000
   134624176.0000000
   134624704.0000000
   134641008.0000000
   134727200.0000000
   134819008.0000000
   134819680.0000000
   134998368.0000000
   135174784.0000000
   135274000.0000000
   135277472.0000000
   135326592.0000000
   135326624.0000000
   135515296.0000000
   135714336.0000000
   135714352.0000000
   135715536.0000000
   135715984.0000000
   135923424.0000000
   135928096.0000000
   135928320.0000000
   136039296.0000000
   136041648.0000000
   136042272.0000000
   136079456.0000000
   136079488.0000000
   136079552.0000000
   136089536.0000000
   136090224.0000000
   136090352.0000000
   136365680.0000000
   139611344.0000000
   139611360.0000000
   139611376.0000000
   139611376.0000000
   139611376.0000000
   139611392.0000000
   139615312.0000000
   139905296.0000000
   139906512.0000000
   139909488.0000000
   139932992.0000000
   140214672.0000000
   142552640.0000000
   142587008.0000000
   142607408.0000000
   142610784.0000000
   142828128.0000000
   142941440.0000000
   143162240.0000000
   143175312.0000000
   143229152.0000000
   143380864.0000000
   143407008.0000000
   143444208.0000000
   143444800.0000000
   143450464.0000000
   143497616.0000000
   144631904.0000000
   144650176.0000000
   144653520.0000000
   144654448.0000000
   145184160.0000000
   145207024.0000000
   145207088.0000000
   145208160.0000000
   145208192.0000000
   145208928.0000000
   145983648.0000000
   146127392.0000000
   148636432.0000000
   148905712.0000000
   148906336.0000000
   148908608.0000000
   148908624.0000000
   148908624.0000000
   148908928.0000000
   148948160.0000000
   156027872.0000000
   156246528.0000000
   156334912.0000000
   156356688.0000000
   156356864.0000000
   156387920.0000000
   156397952.0000000
   156462528.0000000
   156521664.0000000
   157300288.0000000
   157300672.0000000
   157300672.0000000
   157315136.0000000
   157315136.0000000
   157315456.0000000
   157321504.0000000
   157794064.0000000
   158590608.0000000
   158608288.0000000
   158668416.0000000
   158668416.0000000
   158668560.0000000
   158668624.0000000
   158668704.0000000
   158668720.0000000
   158734480.0000000
   158758448.0000000
   158758448.0000000
   158758464.0000000
   158758480.0000000
   158777536.0000000
   158814320.0000000
   159121792.0000000
   159128768.0000000
   159382032.0000000
   159430368.0000000
   161296128.0000000
   161297392.0000000
   161388032.0000000
   161388192.0000000
   161388224.0000000
   161391776.0000000
   161468864.0000000
   161469760.0000000
   161478224.0000000
   161488832.0000000
   161488928.0000000
   161488928.0000000
   161488960.0000000
   161516176.0000000
   161517152.0000000
   161525856.0000000
   161528208.0000000
   161652960.0000000
   161732640.0000000
   161732928.0000000
   161733248.0000000
   161734464.0000000
   161743472.0000000
   161743472.0000000
   161743488.0000000
   161743520.0000000
   161743600.0000000
   161768656.0000000
   161772480.0000000
   162027200.0000000
   162281472.0000000
   162284096.0000000
   162284432.0000000
   162284448.0000000
   162284592.0000000
   162346976.0000000
   162347392.0000000
   162347408.0000000
   162347472.0000000
   162348000.0000000
   162348016.0000000
   162348064.0000000
   162348192.0000000
   162349504.0000000
   162352384.0000000
   163633184.0000000
   180223792.0000000
   180839088.0000000
   180858512.0000000
   180860256.0000000
   180862832.0000000
   180863520.0000000
   180878688.0000000
   181075216.0000000
   181086864.0000000
   181086928.0000000
   181087040.0000000
   181177328.0000000
   181396096.0000000
   181405968.0000000
   181407568.0000000
   181417152.0000000
   181417184.0000000
   181420192.0000000
   181420704.0000000
   181443840.0000000
   181675216.0000000
   182700928.0000000
   182715424.0000000
   183072032.0000000
   183072064.0000000
   183072128.0000000
   183083520.0000000
   186109312.0000000
   186109856.0000000
   186109920.0000000
   186110016.0000000
   186186240.0000000
   186196496.0000000
   186197024.0000000
   186198224.0000000
   186198320.0000000
   186229792.0000000
   186491648.0000000
   186492096.0000000
   186492096.0000000
   186492128.0000000
   186492192.0000000
   186492288.0000000
   186608320.0000000
   188453408.0000000
   188454208.0000000
   188454240.0000000
   188454240.0000000
   188454256.0000000
   189073952.0000000
   189165536.0000000
   189165536.0000000
   189165536.0000000
   189165536.0000000
   189165552.0000000
   189165632.0000000
   189165712.0000000
   189179296.0000000
   189179328.0000000
   189179344.0000000
   189179712.0000000
   189179744.0000000
   189179808.0000000
   189179872.0000000
   189180000.0000000
   189180256.0000000
   189754944.0000000
   189969472.0000000
   189969520.0000000
   189969776.0000000
   190063504.0000000
   191419936.0000000
   191419952.0000000
   191420416.0000000
   193652128.0000000
   193652672.0000000
   193652672.0000000
   193652784.0000000
   193654544.0000000
   194429344.0000000
   194523232.0000000
   194590880.0000000
   195014944.0000000
   195095360.0000000
   195116880.0000000
   195501232.0000000
   201125568.0000000
   201127776.0000000
   201128832.0000000
   201337456.0000000
   201842112.0000000
   201842464.0000000
   201842560.0000000
   201922672.0000000
   201930384.0000000
   201933072.0000000
   201945264.0000000
   201949040.0000000
   201956032.0000000
   201956096.0000000
   201956160.0000000
   201956192.0000000
   202079424.0000000
   202132672.0000000
   202141536.0000000
   202215936.0000000
   202216016.0000000
   202216016.0000000
   202216016.0000000
   202216032.0000000
   202689760.0000000
   203505088.0000000
   203509040.0000000
   203509040.0000000
   203509040.0000000
   203509136.0000000
   203509184.0000000
   203509264.0000000
   203509760.0000000
   203530448.0000000
   203950944.0000000
   204028976.0000000
   204040000.0000000
   204042560.0000000
   204042944.0000000
   204042976.0000000
   204043712.0000000
   204043760.0000000
   204043792.0000000
   204043920.0000000
   204071968.0000000
   204072000.0000000
   204072064.0000000
   204072368.0000000
   204162560.0000000
   204163552.0000000
   204163744.0000000
   207612384.0000000
   207615712.0000000
   207615744.0000000
   207615808.0000000
   207615904.0000000
   207616000.0000000
   207616480.0000000
   207616608.0000000
   207616704.0000000
   207616800.0000000
   207616928.0000000
   208066896.0000000
   208066944.0000000
   208066976.0000000
   208067888.0000000
   208070528.0000000
   208105408.0000000
   208105536.0000000
   208105568.0000000
   208105664.0000000
   208107040.0000000
   208107168.0000000
   208107392.0000000
   208120960.0000000
   208121376.0000000
   208121760.0000000
   208124064.0000000
   208142704.0000000
   208144224.0000000
   208149920.0000000
   208192352.0000000
   208192416.0000000
   208192496.0000000
   208192640.0000000
   208192768.0000000
   208192944.0000000
   208220288.0000000
   208237632.0000000
   208237696.0000000
   208237824.0000000
   208237936.0000000
   208238064.0000000
   208238208.0000000
   208238352.0000000
   208238592.0000000
   208979664.0000000
   208979696.0000000
   208982944.0000000
   209074976.0000000
   209308032.0000000
   209552352.0000000
   209567968.0000000
   209567968.0000000
   209567968.0000000
   209568000.0000000
   210162608.0000000
   210345472.0000000
   210347744.0000000
   210349696.0000000
   210349760.0000000
   210349824.0000000
   210369312.0000000
   210369312.0000000
   210369344.0000000
   210369632.0000000
   210407728.0000000
   210407904.0000000
   210573520.0000000
   210574048.0000000
   210574112.0000000
   210873328.0000000
   210879072.0000000
   210879136.0000000
   210879312.0000000
   210880816.0000000
   210880896.0000000
   210923008.0000000
   210928944.0000000
   210929168.0000000
   211195216.0000000
   211303584.0000000
   211303584.0000000
   211303680.0000000
   211330448.0000000
   211335504.0000000
   211335552.0000000
   211335600.0000000
   211335632.0000000
   211335904.0000000
   211335936.0000000
   211336000.0000000
   211340928.0000000
   211561248.0000000
   211869376.0000000
   212239904.0000000
   212241392.0000000
   212241392.0000000
   212241440.0000000
   212241472.0000000
   212241488.0000000
   212241504.0000000
   212241568.0000000
   212272032.0000000
   212434208.0000000
   212442944.0000000
   212444736.0000000
   214559248.0000000
   214839008.0000000
   215079968.0000000
   215082272.0000000
   217196128.0000000
   217212992.0000000
   217213008.0000000
   217284592.0000000
   217385312.0000000
   217532048.0000000
   217540976.0000000
   217541344.0000000
   217541424.0000000
   217617504.0000000
   217617504.0000000
   217617536.0000000
   217631200.0000000
   217657216.0000000
   217658176.0000000
   217669456.0000000
   217673088.0000000
   217673168.0000000
   217675200.0000000
   217887552.0000000
   218036416.0000000
   218645616.0000000
   218645744.0000000
   218647296.0000000
   218647904.0000000
   218672160.0000000
   219170368.0000000
   219183424.0000000
   219183456.0000000
   219183584.0000000
   219185824.0000000
   219186080.0000000
   220749632.0000000
   221783184.0000000
   221850816.0000000
   221852176.0000000
   226155808.0000000
   226215632.0000000
   226238896.0000000
   226251664.0000000
   226251712.0000000
   226338448.0000000
   226338560.0000000
   226338608.0000000
   226341824.0000000
   226344112.0000000
   226344192.0000000
   226345328.0000000
   227251984.0000000
   227251984.0000000
   227252032.0000000
   227252048.0000000
   227252064.0000000
   227252064.0000000
   227252064.0000000
   227252064.0000000
   227252064.0000000
   227386848.0000000
   227388336.0000000
   227388352.0000000
   227388368.0000000
   227388384.0000000
   227388400.0000000
   227388416.0000000
   227388416.0000000
   227388448.0000000
   227388448.0000000
   227388480.0000000
   227388480.0000000
   227388512.0000000
   227388512.0000000
   227431872.0000000
   230026064.0000000
   231295392.0000000
   236572144.0000000
   274779424.0000000
   313154560.0000000
   313188608.0000000
   313505152.0000000
   313506368.0000000
   313508000.0000000
   313509888.0000000
   313511552.0000000
   313513248.0000000
   313514048.0000000
   313514688.0000000
   313515008.0000000
   313515392.0000000
   313516480.0000000
   314320576.0000000
   314326048.0000000
   314326080.0000000
   314326240.0000000
   314326464.0000000
   314326656.0000000
   314329216.0000000
   314329280.0000000
   314329312.0000000
   314329344.0000000
   314329408.0000000
   314442304.0000000
   314541824.0000000
   314541888.0000000
   314609792.0000000
   314618432.0000000
   314618432.0000000
   314618528.0000000
   314618624.0000000
   314618656.0000000
   314645952.0000000
   315280224.0000000
   315286944.0000000
   315290880.0000000
   315290880.0000000
   315290880.0000000
   315290944.0000000
   315291296.0000000
   315291328.0000000
   315291392.0000000
   315291584.0000000
   315291872.0000000
   315293024.0000000
   315334752.0000000
   315360960.0000000
   315361024.0000000
   315361024.0000000
   315361152.0000000
   315361280.0000000
   315361504.0000000
   315362176.0000000
   315384128.0000000
   315384416.0000000
   315386624.0000000
   315389024.0000000
   315389344.0000000
   315389760.0000000
   315390784.0000000
   315554368.0000000
   315554432.0000000
   315554432.0000000
   315570624.0000000
   315622688.0000000
   315622688.0000000
   315622688.0000000
   315622688.0000000
   315622720.0000000
   315623072.0000000
   315721504.0000000
   315804288.0000000
   315841184.0000000
   315841184.0000000
   315841184.0000000
   316087968.0000000
   316159616.0000000
   316212608.0000000
   316269568.0000000
   316269696.0000000
   316269696.0000000
   316269920.0000000
   316272576.0000000
   316278240.0000000
   316278464.0000000
   316389952.0000000
   316439936.0000000
   316494080.0000000
   316544768.0000000
   316560256.0000000
   316587616.0000000
